Parameter containing:
tensor([[-1.2310,  0.0835, -2.4597,  ...,  0.5232, -1.0201, -1.3454],
        [ 1.1319, -0.4437,  0.6578,  ...,  0.5402, -0.3422,  1.3034],
        [ 0.1989,  0.2640, -1.2001,  ..., -0.8375, -2.1443,  1.3065],
        [ 0.0528,  0.1555, -1.2358,  ..., -0.5213, -0.1326, -0.3600]],
       requires_grad=True)
Parameter containing:
tensor([[-1.1970,  0.0681, -2.3557,  ...,  0.4306, -0.7733, -1.3479],
        [ 1.0654, -0.3131,  0.7480,  ...,  0.4958, -0.6849,  0.8992],
        [ 0.3488,  0.2199, -1.4660,  ..., -0.9807, -2.0437,  1.2394],
        [-0.0646,  0.0845, -1.1641,  ..., -0.2411, -0.1373,  0.1138]],
       requires_grad=True)
Parameter containing:
tensor([[-1.1482,  0.0136, -2.2398,  ...,  0.3086, -0.5718, -1.3695],
        [ 1.0161, -0.1940,  0.8238,  ...,  0.4710, -0.9296,  0.6740],
        [ 0.3893,  0.1902, -1.7182,  ..., -1.0503, -1.9709,  1.1741],
        [-0.1046,  0.0496, -1.1036,  ..., -0.0246, -0.1669,  0.4260]],
       requires_grad=True)
Parameter containing:
tensor([[-1.1046, -0.0450, -2.0620,  ...,  0.1856, -0.3184, -1.4373],
        [ 0.9032, -0.0770,  0.7905,  ...,  0.4658, -1.1325,  0.5344],
        [ 0.4585,  0.1727, -1.9059,  ..., -1.0879, -1.9795,  1.1050],
        [-0.1045,  0.0086, -1.0604,  ...,  0.1412, -0.2087,  0.7024]],
       requires_grad=True)
Parameter containing:
tensor([[-1.1108e+00, -2.3738e-02, -1.8969e+00,  ...,  6.5572e-02,
         -1.4558e-01, -1.4419e+00],
        [ 9.0185e-01, -5.1588e-02,  7.2287e-01,  ...,  5.0247e-01,
         -1.3311e+00,  3.7526e-01],
        [ 4.7950e-01,  1.3657e-01, -2.0583e+00,  ..., -1.1476e+00,
         -1.9575e+00,  1.0592e+00],
        [-1.1794e-01, -1.9166e-03, -1.0055e+00,  ...,  2.8422e-01,
         -2.0492e-01,  9.1197e-01]], requires_grad=True)
Parameter containing:
tensor([[-1.1383, -0.0401, -1.8194,  ..., -0.0533,  0.0271, -1.5368],
        [ 0.8647,  0.0316,  0.7804,  ...,  0.4877, -1.5185,  0.2906],
        [ 0.5247,  0.1154, -2.1986,  ..., -1.1619, -1.9250,  1.0492],
        [-0.0985, -0.0476, -1.0003,  ...,  0.4323, -0.2228,  1.1015]],
       requires_grad=True)
Parameter containing:
tensor([[-1.1478,  0.0138, -1.7079,  ..., -0.1426,  0.2153, -1.6103],
        [ 0.7938,  0.0368,  0.7160,  ...,  0.4980, -1.6970,  0.2204],
        [ 0.5660,  0.1069, -2.3030,  ..., -1.1972, -1.9001,  1.0563],
        [-0.0594, -0.0981, -0.9429,  ...,  0.5464, -0.2573,  1.2383]],
       requires_grad=True)
Parameter containing:
tensor([[-1.1379,  0.0360, -1.6342,  ..., -0.1854,  0.3512, -1.6102],
        [ 0.7336,  0.0762,  0.7299,  ...,  0.4489, -1.8902,  0.1172],
        [ 0.6117,  0.0842, -2.4230,  ..., -1.2164, -1.8507,  1.0201],
        [-0.0548, -0.1370, -0.9106,  ...,  0.6576, -0.2495,  1.3774]],
       requires_grad=True)
Parameter containing:
tensor([[-1.1407,  0.0691, -1.5320,  ..., -0.2935,  0.4177, -1.6800],
        [ 0.7144,  0.0733,  0.6920,  ...,  0.4594, -1.9980,  0.0807],
        [ 0.5959,  0.0957, -2.5039,  ..., -1.2084, -1.8321,  1.0085],
        [-0.0170, -0.1787, -0.8940,  ...,  0.7472, -0.2268,  1.4953]],
       requires_grad=True)
Parameter containing:
tensor([[-1.1495,  0.0322, -1.4730,  ..., -0.3292,  0.5382, -1.7357],
        [ 0.6655,  0.1390,  0.6849,  ...,  0.4844, -2.1187,  0.0293],
        [ 0.6231,  0.1030, -2.5737,  ..., -1.2693, -1.8346,  1.0081],
        [ 0.0134, -0.2149, -0.8761,  ...,  0.8187, -0.2241,  1.6029]],
       requires_grad=True)
Parameter containing:
tensor([[-1.1827,  0.0256, -1.3936,  ..., -0.4015,  0.6370, -1.6944],
        [ 0.6163,  0.1894,  0.6502,  ...,  0.4812, -2.2171, -0.0615],
        [ 0.6463,  0.0917, -2.6606,  ..., -1.2515, -1.8337,  0.9765],
        [ 0.0727, -0.2474, -0.8339,  ...,  0.8766, -0.2252,  1.6839]],
       requires_grad=True)
Parameter containing:
tensor([[-1.2461,  0.0046, -1.3416,  ..., -0.4544,  0.7270, -1.7100],
        [ 0.5908,  0.2308,  0.6649,  ...,  0.5017, -2.3293, -0.1176],
        [ 0.6682,  0.1037, -2.7408,  ..., -1.2551, -1.8138,  0.9690],
        [ 0.1396, -0.2798, -0.8204,  ...,  0.9125, -0.2230,  1.7631]],
       requires_grad=True)
Parameter containing:
tensor([[-1.2348,  0.0444, -1.2412,  ..., -0.4671,  0.8162, -1.7406],
        [ 0.5467,  0.2430,  0.6302,  ...,  0.4674, -2.4560, -0.1663],
        [ 0.6682,  0.1038, -2.8134,  ..., -1.2598, -1.7726,  0.9772],
        [ 0.1725, -0.3319, -0.8134,  ...,  0.9642, -0.2267,  1.8342]],
       requires_grad=True)
Parameter containing:
tensor([[-1.1890, -0.0601, -1.2628,  ..., -0.5059,  0.8925, -1.8248],
        [ 0.4945,  0.3630,  0.6451,  ...,  0.5113, -2.5188, -0.1467],
        [ 0.6508,  0.0995, -2.8540,  ..., -1.3126, -1.7953,  0.9940],
        [ 0.1963, -0.3431, -0.7662,  ...,  1.0119, -0.2174,  1.8820]],
       requires_grad=True)
Parameter containing:
tensor([[-1.2013, -0.0180, -1.2320,  ..., -0.5115,  0.9870, -1.8271],
        [ 0.4328,  0.3703,  0.6761,  ...,  0.4928, -2.6569, -0.2003],
        [ 0.6886,  0.1032, -2.9510,  ..., -1.3071, -1.7481,  1.0014],
        [ 0.2326, -0.3961, -0.7310,  ...,  1.0306, -0.2211,  1.9306]],
       requires_grad=True)
Parameter containing:
tensor([[-1.2517, -0.0163, -1.1896,  ..., -0.5232,  1.0661, -1.8375],
        [ 0.4479,  0.3539,  0.6217,  ...,  0.4736, -2.7653, -0.2306],
        [ 0.6801,  0.1468, -2.9726,  ..., -1.3171, -1.7284,  0.9869],
        [ 0.2762, -0.4251, -0.6975,  ...,  1.0715, -0.2114,  1.9858]],
       requires_grad=True)
Parameter containing:
tensor([[-1.2396e+00,  9.9980e-04, -1.1644e+00,  ..., -5.7742e-01,
          1.1726e+00, -1.8792e+00],
        [ 3.9759e-01,  3.8878e-01,  6.3977e-01,  ...,  4.8893e-01,
         -2.8830e+00, -2.4344e-01],
        [ 6.9217e-01,  1.2141e-01, -3.0182e+00,  ..., -1.3232e+00,
         -1.7320e+00,  1.0018e+00],
        [ 3.0249e-01, -4.5187e-01, -6.9511e-01,  ...,  1.1164e+00,
         -1.9658e-01,  2.0254e+00]], requires_grad=True)
Parameter containing:
tensor([[-1.2852, -0.0080, -1.0580,  ..., -0.6010,  1.1892, -1.8163],
        [ 0.3801,  0.4060,  0.5933,  ...,  0.5084, -2.9378, -0.3286],
        [ 0.7139,  0.1341, -3.0908,  ..., -1.3558, -1.6895,  0.9723],
        [ 0.3438, -0.4728, -0.6825,  ...,  1.1531, -0.2008,  2.0771]],
       requires_grad=True)
Parameter containing:
tensor([[-1.3010, -0.0243, -1.0476,  ..., -0.6344,  1.2392, -1.8093],
        [ 0.3285,  0.4604,  0.5904,  ...,  0.5411, -3.0080, -0.3610],
        [ 0.7624,  0.1161, -3.1408,  ..., -1.3803, -1.6689,  0.9529],
        [ 0.3627, -0.4929, -0.6400,  ...,  1.1783, -0.2013,  2.1219]],
       requires_grad=True)
Parameter containing:
tensor([[-1.3568, -0.0301, -0.9947,  ..., -0.6076,  1.3240, -1.8360],
        [ 0.3447,  0.5048,  0.5698,  ...,  0.4761, -3.0936, -0.3794],
        [ 0.7499,  0.0975, -3.1903,  ..., -1.3459, -1.6389,  0.9696],
        [ 0.4148, -0.5128, -0.6227,  ...,  1.1822, -0.2304,  2.1504]],
       requires_grad=True)
Parameter containing:
tensor([[-1.2933, -0.0338, -0.9649,  ..., -0.6245,  1.3625, -1.9315],
        [ 0.2643,  0.5391,  0.5497,  ...,  0.4853, -3.1581, -0.3399],
        [ 0.7616,  0.1074, -3.2434,  ..., -1.3865, -1.6283,  0.9715],
        [ 0.4201, -0.5533, -0.5794,  ...,  1.2304, -0.2151,  2.2044]],
       requires_grad=True)
Parameter containing:
tensor([[-1.3108, -0.0278, -0.9630,  ..., -0.5970,  1.3916, -1.9369],
        [ 0.2473,  0.5642,  0.5633,  ...,  0.4610, -3.2251, -0.3565],
        [ 0.7582,  0.0832, -3.2885,  ..., -1.3922, -1.6225,  0.9672],
        [ 0.4579, -0.5603, -0.5498,  ...,  1.2329, -0.1830,  2.2308]],
       requires_grad=True)
Parameter containing:
tensor([[-1.3274, -0.0321, -0.9582,  ..., -0.6165,  1.4521, -1.9514],
        [ 0.2248,  0.5796,  0.5657,  ...,  0.4976, -3.2843, -0.3978],
        [ 0.7791,  0.1008, -3.3339,  ..., -1.4305, -1.6078,  0.9803],
        [ 0.4762, -0.5890, -0.5116,  ...,  1.2542, -0.1989,  2.2734]],
       requires_grad=True)
Parameter containing:
tensor([[-1.3543, -0.0885, -0.9534,  ..., -0.6537,  1.4890, -1.9851],
        [ 0.2309,  0.6159,  0.5520,  ...,  0.5002, -3.3401, -0.3984],
        [ 0.7746,  0.1227, -3.3580,  ..., -1.4447, -1.6086,  0.9860],
        [ 0.5014, -0.5908, -0.4786,  ...,  1.3029, -0.1791,  2.3019]],
       requires_grad=True)
Parameter containing:
tensor([[-1.3745, -0.1015, -0.9545,  ..., -0.6585,  1.5461, -1.9841],
        [ 0.1716,  0.6807,  0.6104,  ...,  0.5122, -3.3865, -0.4359],
        [ 0.8461,  0.0964, -3.4178,  ..., -1.4521, -1.6219,  1.0018],
        [ 0.5095, -0.6163, -0.4761,  ...,  1.3032, -0.1767,  2.3227]],
       requires_grad=True)
Parameter containing:
tensor([[-1.3927, -0.0920, -0.8951,  ..., -0.6781,  1.5723, -1.9545],
        [ 0.1533,  0.6496,  0.5390,  ...,  0.5258, -3.4381, -0.4901],
        [ 0.8511,  0.1263, -3.4225,  ..., -1.4455, -1.5860,  1.0067],
        [ 0.5410, -0.6245, -0.4593,  ...,  1.3025, -0.1871,  2.3424]],
       requires_grad=True)
Parameter containing:
tensor([[-1.3919, -0.0636, -0.8551,  ..., -0.6649,  1.6136, -1.9623],
        [ 0.1364,  0.6412,  0.4800,  ...,  0.5062, -3.5276, -0.4771],
        [ 0.8225,  0.1213, -3.4439,  ..., -1.4399, -1.5396,  0.9867],
        [ 0.5856, -0.6395, -0.4189,  ...,  1.3034, -0.1852,  2.3572]],
       requires_grad=True)
Parameter containing:
tensor([[-1.3864, -0.1108, -0.9294,  ..., -0.6923,  1.6323, -1.9790],
        [ 0.0802,  0.7252,  0.5590,  ...,  0.5574, -3.5627, -0.4909],
        [ 0.8705,  0.1240, -3.4958,  ..., -1.4821, -1.5084,  0.9961],
        [ 0.5884, -0.6791, -0.3718,  ...,  1.3217, -0.2000,  2.3784]],
       requires_grad=True)
Parameter containing:
tensor([[-1.3724, -0.1061, -0.8946,  ..., -0.6849,  1.6717, -2.0052],
        [ 0.0581,  0.7374,  0.5206,  ...,  0.5056, -3.6101, -0.5075],
        [ 0.8281,  0.1154, -3.4909,  ..., -1.4538, -1.5020,  1.0120],
        [ 0.6389, -0.6874, -0.3731,  ...,  1.3378, -0.1985,  2.4052]],
       requires_grad=True)
Parameter containing:
tensor([[-1.4010, -0.1178, -0.8971,  ..., -0.6905,  1.6937, -1.9929],
        [ 0.0333,  0.7507,  0.5638,  ...,  0.4924, -3.6637, -0.5343],
        [ 0.8937,  0.1234, -3.5739,  ..., -1.4626, -1.4827,  1.0046],
        [ 0.6267, -0.6970, -0.3308,  ...,  1.3654, -0.1862,  2.4270]],
       requires_grad=True)
